camera_matrix:
- - 569.8741143196086
  - 0.0
  - 644.1513393848718
- - 0.0
  - 573.875771575842
  - 333.7850909491164
- - 0.0
  - 0.0
  - 1.0
dist_coeff:
- - 0.04703668962258119
- - 0.03552101102039204
- - -0.035751418601819226
- - 0.010260956644173636
